AIR 0,10
STR 0,0,00110,0
STR 0,0,01000,0
LDX 1,00110,0
AIR 1,20
AIR 2,16
SRC 2,0101,1,0
STR 2,0,11110,0
LDX 2,11110,0
IN 3,0
STR 3,1,00000,0
AIR 0,1
STR 0,0,00110,0
LDX 1,00110,0
SOB 1,2,0,0
IN 3,0
STR 3,0,01001,0
SIR 0,18
STR 0,0,00110,0
LDX 1,00110,0
SMR 3,0,01010,0
JGE 3,2,01111,0
LDR 3,0,01010,0
SMR 3,0,01001,0
STR 3,0,00111,0
AIR 1,19
LDR 3,0,01001,0
SMR 3,1,00000,0
JGE 3,2,10110,0
LDR 3,1,00000,0
SMR 3,0,01001,0
STR 3,0,11111,0
SMR 3,0,00111,0
JGE 3,2,11100,0
LDR 3,0,11111,0
STR 3,0,00111,0
STX 1,01000,0
AIR 0,1
STR 0,0,00110,0
LDX 1,00110,0
SOB 1,2,10001,0
LDR 1,0,01000,0
OUT 1,1
