AIR 3,16
SRC 3,0101,1,0
STR 3,0,00110,0
LDX 3,00110,0
AIR 3,31
AIR 3,28
STR 3,0,11110,0
AIR 3,10
STR 3,0,11101,0
AIR 3,10
STR 3,0,11100,0
AIR 3,10
STR 3,0,11011,0
LDR 3,0,00110,0
IN 2,0
STR 2,0,01000,0
AIR 1,15
STR 1,0,00111,0
LDX 1,00111,1
LDX 2,00111,1
IN 0,0
STR 0,1,00000,0
AIR 1,1
STR 1,0,00111,0
LDX 1,00111,1
SOB 2,3,00000,0
SRC 3,0001,1,0
STR 3,0,01001,0
LDX 1,01001,1
LDR 0,0,01010,0
AIR 0,1
STR 0,0,01010,0
STR 0,0,01011,0
LDR 2,0,01000,0
SMR 1,0,01000,0
STR 1,0,00111,0
LDR 0,0,01100,0
AIR 0,31
AIR 0,1
STR 0,0,01100,0
AIR 0,14
STR 0,0,01101,0
LDR 0,0,00110,0
AIR 0,26
STR 0,0,00110,0
LDX 3,00110,1
LDR 0,1,00000,0
SMR 0,0,01100,0
JZ 0,3,10111,0
LDR 0,1,00000,0
SMR 0,0,01101,0
JZ 0,0,11110,1
LDR 0,1,00000,0
SMR 0,2,00000,0
JNE 0,0,11101,1
AIR 3,1
STR 3,0,01001,0
LDX 1,01001,1
AIR 1,1
STR 1,0,01110,0
LDX 2,01110,1
SOB 2,3,00000,0
LDR 0,1,00000,0
SMR 0,0,01100,0
JZ 0,0,11100,1
LDR 0,1,00000,0
SMR 0,0,01101,0
JZ 0,0,11100,1
JMA 0,11110,1
LDR 0,0,01010,0
AIR 0,1
STR 0,0,01010,0
AIR 3,1
STR 3,0,01001,0
LDX 1,01001,1
LDR 2,0,01000,0
LDR 1,0,00111,0
LDX 2,00111,1
JMA 3,00000,0
LDR 0,1,00001,0
JZ 0,0,11011,1
LDR 0,0,01011,0
AIR 0,1
STR 0,0,01011,0
LDR 0,0,11111,0
AIR 0,1
STR 0,0,01010,0
AIR 3,2
JMA 3,11011,0
AIR 3,1
STR 3,0,01001,0
LDX 1,01001,1
LDR 0,1,00000,0
SMR 0,0,01100,0
JZ 0,3,10111,0
LDR 0,1,00000,0
SMR 0,0,01101,0
JZ 0,0,11110,1
JMA 0,11101,1
LDR 2,0,01000,0
LDR 1,0,00111,0
LDR 3,0,11100,0
AIR 3,6
STR 3,0,11100,0
LDX 2,00111,1
LDR 0,2,00000,0
OUT 0,0
AIR 1,1
STR 1,0,00111,0
LDX 2,00111,1
SOB 2,0,11100,1
LDR 0,0,01010,0
OUT 0,0
LDR 0,0,01011,0
OUT 0,0
LDR 2,0,11111,0
OUT 2,0
